0 0
1 11011
2 1010110
3 1111011001
4 11111111010
5 11100000001
6 10001010001
7 111010110000
8 111101100000
9 1111100000101
10 110001100001
11 1110101101100
12 1111011000100
13 1110000001100
14 1100111111100
15 1110000001000
16 1011010111010
17 1011010111110
18 1011010111111
19 1110000000000
20 1000101001001
21 1011010110000
22 1110000000010
23 1011010110001
24 1000101001011
25 11111000001101
26 1011010111001
27 11111000000100
28 11111000001001
29 11111000001111
30 11101011011011
31 11101011010110
32 11111000000101
33 11100000010110
34 11100000000110
35 11001111110111
36 11100000000111
37 11100000011010
38 11101011010010
39 11001111110110
40 11111000000001
41 11101011010001
42 11000110001110
43 11100000011111
44 11101011011010
45 11111000000000
46 1000101000011
47 11100000011011
48 11100000000011
49 11100000011100
50 11100000011101
51 11100000011110
52 11100000010111
53 11000110001111
54 10110101110110
55 10001010000100
56 11001111110101
57 10001010011100
58 11001111111100
59 11000110000000
60 11100000010101
61 10001010011101
62 11001111111011
63 10110101110111
64 11001111111010
65 10110101100100
66 11100000000010
67 11000110000001
68 11001111110100
69 10110101100101
70 10001010000101
71 11101011010011
72 1000101000001
73 11111000001110
74 11001111111101
75 11101011010111
76 11100000010100
77 11111000001000
78 11101011010000
79 11111000001100
80 1000101000000
81 1000101001000
82 1011010111000
83 1000101001010
84 1100011000001
85 1000101001111
86 1100111111111
87 1011010110011
88 1100011000110
89 1110000001001
90 1110101101010
91 1111100000011
92 1111100000001
93 1111011000101
94 100010100110
95 101101011110
96 110001100010
97 110011111100
98 111010110001
99 111101100011
100 111101100001
101 111010110111
102 10110101101
103 11001111100
104 11101011001
105 11111111011
106 1100011001
107 111001000
108 10010010
109 10001100
110 10011001
111 111101000
112 111100110
113 110011110
114 111001110
115 111100011
116 111100000
117 111011100
118 111100010
119 111101101
120 10110000
121 11000101
122 11010001
123 11101010
124 1000011
125 11111011
126 1011001
127 1010111
128 1100000
129 1011101
130 1011111
131 1001101
132 1001010
133 1000111
134 1010000
135 1010011
136 1001011
137 11111101
138 1010010
139 11111110
140 11111100
141 11111001
142 11110111
143 11110010
144 11101111
145 11100101
146 11101000
147 11100001
148 11010011
149 11010111
150 11001110
151 11000111
152 11001011
153 10111000
154 10101010
155 10101001
156 10011100
157 10001101
158 10010001
159 10000101
160 10001011
161 10000100
162 111111111
163 111110100
164 10000000
165 111110101
166 111110001
167 111101011
168 111101001
169 111011011
170 111010010
171 111010111
172 111010011
173 111100001
174 111001111
175 111011101
176 111000100
177 111001001
178 111000110
179 110101011
180 111000001
181 111000101
182 110101010
183 110001000
184 110010000
185 110001101
186 110000101
187 110011001
188 110100100
189 110000111
190 110101001
191 110010001
192 110011011
193 110101000
194 110010011
195 110100101
196 101111010
197 101111001
198 110011000
199 101100011
200 101111011
201 101000100
202 100100111
203 101100010
204 101000111
205 101010001
206 101101001
207 101010110
208 101101101
209 100111010
210 100111110
211 101101111
212 100110001
213 110000110
214 101010000
215 100010000
216 101110010
217 100111100
218 100111111
219 101010111
220 100100000
221 101110011
222 100100110
223 100100001
224 101101000
225 1111100001
226 100111011
227 100110000
228 100010001
229 101000101
230 1111111100
231 100010010
232 101101010
233 100010101
234 101101100
235 101000110
236 100111101
237 110010010
238 100010011
239 101111000
240 110011010
241 101101110
242 111000111
243 111100111
244 10000001
245 11101100
246 11010110
247 11100110
248 1000001
249 11001010
250 111101010
251 11010000
252 111011010
253 110000100
254 110001001
255 11001111101
