0 11100110000011011000111111111111111100001100
1 111001100000110110001111111111111110
2 11100110000011011000111111111111111100001101
3 11100110000011011000111111110
4 1110011000001110101
5 11100110000011011000111111111111111110001
6 11100110000011011000111111111111111100001110
7 1110011000001101100010
8 1110011000001101100011111110
9 11100110000011011000111111111111110
10 1110011000001111100
11 111001100000110110001111111111111111001
12 1110011000001101100011111111111111110001
13 1110011000001101100011111111111111111000010
14 11100110000011011000111111111111111100001111
15 111001100000110110000
16 1110011000001111001
17 111001100000110110001110
18 111001100000110110001111110
19 11100110000011011000111111111110
20 1110011000001110100
21 1110011000001101100011111111111110
22 1110011000001110001
23 11100110000011011000111111111111111101
24 111001100000110110001111111111111111101
25 1110011000001101100011111111111111111001
26 1110011000001100010
27 111001100000110110001111111111111111100000
28 111001100000110110001111111111111111000010
29 1110011000001100000
30 11100110000011011000111111111111111110000110
31 000010010010011000
32 1110011000001101001
33 1110011000001101000
34 111001100000010000
35 111001100000111111
36 11100110000011011000110
37 1110011000001101100011110
38 11100110000011011000111110
39 1110011000001110111
40 1110011000001110110
41 1110011000001101100011111111110
42 111001100000110110001111111110
43 1110011000001111101
44 111001100000110110001111111111110
45 1110011000001110011
46 1110011000001110010
47 11100110000011011000111111111111111111
48 1110011000001110000
49 1110011000001101111
50 111001100000111101
51 1110011000001101110
52 1110011000001101101
53 111001100000110101
54 1110011000001100011
55 11100110000011011000111111111111111100000
56 111001100000110011
57 111001100000110010
58 01110010010010101
59 11100110000011011000111111111111111110000111
60 1110011000001100001
61 000010010010011001
62 11100110000011011001
63 111001100000010011
64 111001100000010010
65 111001100000010001
66 11100110001010011
67 01110010010010100
68 11100110001010010
69 0000100100010101
70 00001001001001101
71 1110011000001111000
72 0000100100100111
73 0111001001001011
74 0000100100010100
75 0000100100010011
76 000010010001000
77 11100110000001011
78 0000100100010010
79 1110011000101011
80 11100110000001010
81 000010010010010
82 1110011000101010
83 1110011000101000
84 000010010001011
85 011100100100100
86 011100100110010
87 00001001000110
88 00001001000000
89 111001100000011
90 011100100110011
91 00001001001000
92 00001001000111
93 00001001000001
94 01110010011000
95 11100110000010
96 01110010010011
97 11100110000000
98 0000100100001
99 11100110001011
100 11100110001110
101 0000100100101
102 11100110001111
103 0111001001000
104 0111001001110
105 0111001001111
106 1110011000110
107 1110011000100
108 0111001001101
109 000010010011
110 011100100101
111 111001100001
112 11110011000
113 001011000
114 01110100
115 1111000
116 110101
117 00110
118 01100
119 01111
120 10001
121 11001
122 11000
123 10100
124 10010
125 10101
126 10111
127 11011
128 10110
129 10011
130 10000
131 01101
132 01010
133 01000
134 11101
135 00100
136 00011
137 00010
138 00000
139 111000
140 010111
141 010010
142 000011
143 1111100
144 1111110
145 1111101
146 1111010
147 1110010
148 0111011
149 0101101
150 0011111
151 0010111
152 0010100
153 11111110
154 11110110
155 11100111
156 11010010
157 01001101
158 00001010
159 111100101
160 110100110
161 011101010
162 010110011
163 1111001101
164 1111011100
165 1111011111
166 000010000
167 000010110
168 001011011
169 001110100
170 001110111
171 010011110
172 010011000
173 010011100
174 001110010
175 001010110
176 001010101
177 1111011110
178 1110011010
179 1110011011
180 1110011001
181 1101001110
182 0111010111
183 0111010110
184 0111001110
185 1101000101
186 0111000001
187 0011100000
188 0111000000
189 0111000110
190 0111000100
191 0101100101
192 0111000011
193 0111001100
194 0111000010
195 0111001011
196 0111001101
197 0111000111
198 0111001111
199 0101100100
200 0111001010
201 1101000100
202 0101100001
203 0111001000
204 0100111111
205 0011101101
206 0100111011
207 0100110011
208 0100111010
209 0101100000
210 0111000101
211 0101100011
212 0101100010
213 0011100010
214 0100110010
215 0011101010
216 0011101100
217 0100111110
218 0010110101
219 0011100011
220 0010110010
221 0010110011
222 0010101110
223 0010101001
224 0011100001
225 0010110100
226 0000100111
227 11111111111
228 0000100011
229 0000101111
230 11110011100
231 11110011111
232 0000100110
233 11110010001
234 0000100101
235 11111111110
236 0000100010
237 11111111100
238 11110010000
239 11110011001
240 11110111010
241 11110011110
242 11110111011
243 0000101110
244 11111111101
245 11110011101
246 0010101111
247 0010101000
248 0011101011
249 1101001111
250 1111001001
251 001110011
252 111111110
253 11010000
254 0011110
255 110100011
