0 0000
1 11100101
2 11010010
3 10000110
4 01001101
5 111111101
6 101010110
7 100001111
8 001010000
9 1110010001
10 1011101010
11 0100111000
12 0100010001
13 11000010000
14 11000010001
15 01001110011
16 10001101111
17 01101110011
18 01000100001
19 111011110000
20 100011011101
21 100110001101
22 110110110100
23 101010101110
24 100110001100
25 010001000001
26 011011100000
27 101010101101
28 100010100010
29 011011100001
30 111011110001
31 110100111010
32 011011100100
33 010110101001
34 101010101111
35 110000110011
36 110000110000
37 110000110001
38 111011111010
39 111011111000
40 111011111001
41 100110001000
42 111111110110
43 101010101100
44 110000110010
45 110110110110
46 00011001101
47 111111110111
48 10100010001
49 00011001100
50 10101011110
51 10011000111
52 10100010000
53 10001010010
54 11101111001
55 11111111010
56 0001101110
57 1000111011
58 0011000000
59 1000110110
60 1011101011
61 1101011111
62 1010101110
63 1010101010
64 1110111101
65 1101011011
66 1111111001
67 001010011
68 1111111100
69 010011001
70 000111101
71 010010110
72 011100110
73 100010110
74 100011110
75 010011101
76 100001110
77 100000001
78 100011111
79 100110010
80 011100001
81 100000011
82 100010011
83 100010010
84 011011101
85 001010001
86 100000000
87 011100111
88 1101011010
89 1101101110
90 000110110
91 000110000
92 010011000
93 1100001001
94 000110001
95 001101001
96 1110111111
97 000111100
98 1101101111
99 1111111000
100 010001001
101 1100001101
102 1101101001
103 000110010
104 001010010
105 1110010010
106 1101101100
107 1110010011
108 001101000
109 010111110
110 010010111
111 011100000
112 100000010
113 100011010
114 110101100
115 110000111
116 111111111
117 00110101
118 00110010
119 01101000
120 10001000
121 10011111
122 10011110
123 11101110
124 0010101
125 0100011
126 0101110
127 1000001
128 1000010
129 1100100
130 1011010
131 1011111
132 1011011
133 1100101
134 1100000
135 1110110
136 001001
137 011101
138 101011
139 110001
140 110111
141 111100
142 00111
143 01111
144 10010
145 01100
146 111110
147 101001
148 010100
149 001011
150 001000
151 1100111
152 1011110
153 1011001
154 1001110
155 1010000
156 1011000
157 1010100
158 1101010
159 1101100
160 1110011
161 1110101
162 1110100
163 1110000
164 1110001
165 1100110
166 1111010
167 000100
168 1111011
169 1111110
170 000101
171 1101000
172 1011100
173 1001101
174 0110110
175 0001110
176 10111011
177 10100011
178 10001100
179 01110010
180 01101111
181 01001000
182 01000010
183 00011111
184 01101010
185 01010100
186 01101011
187 01010110
188 01011000
189 01001010
190 01000000
191 01000001
192 00110001
193 01011001
194 01010101
195 01101001
196 00110110
197 00011010
198 01010111
199 01011110
200 00110111
201 01001111
202 01011011
203 01000011
204 01000101
205 01001001
206 01110001
207 00110011
208 110110101
209 101110100
210 110000101
211 110101110
212 100010101
213 110100110
214 100110000
215 101000101
216 101010100
217 100011100
218 100110011
219 001100001
220 100010111
221 010110100
222 010111111
223 1110010000
224 1101001111
225 1101011110
226 1010001001
227 10101011111
228 0001101111
229 01001110010
230 10011000101
231 01011010101
232 100011011100
233 100010100011
234 110100111011
235 011011100101
236 110100111001
237 010001000000
238 110100111000
239 100110001001
240 01101110001
241 111011111011
242 110110110111
243 00110000011
244 00011001111
245 01011010111
246 10001010000
247 00011001110
248 10001010011
249 10001110101
250 00110000010
251 10001110100
252 01011010110
253 110110110101
254 010110101000
255 1101101000
